20 20
1 19
1 1 1 1 1 1 1 1 0 0 0 0 1 1 1 1 1 1 1 1
1 7 0 3 2 3 0 1 0 0 0 0 0 0 0 0 0 0 0 1
1 0 2 9 2 6 2 0 0 0 0 0 0 0 0 0 0 0 0 1
1 1 0 3 2 3 0 1 0 0 0 0 0 0 0 7 9 0 0 1
1 4 1 1 1 1 1 0 0 0 0 0 0 0 6 0 0 0 0 1
1 0 0 0 0 0 0 0 1 1 0 0 0 0 0 0 0 0 0 1
1 0 0 0 0 0 0 0 4 1 0 0 0 0 0 0 0 0 0 1
1 0 0 0 0 0 0 0 1 1 1 1 1 1 1 1 1 1 1 1
1 0 0 0 0 0 0 0 1 0 0 3 3 3 3 0 3 2 1 1
1 0 0 0 0 0 0 6 1 0 9 3 0 6 0 0 11 2 10 1
1 0 0 0 0 0 0 0 1 0 0 3 0 0 0 0 3 2 1 1
1 0 0 0 0 0 0 0 1 1 1 1 1 1 1 1 1 1 1 1
1 0 0 0 0 0 0 0 4 1 0 0 0 0 0 0 0 0 0 0
1 0 0 0 0 0 0 0 1 1 0 0 0 0 0 0 0 0 0 1
1 0 0 0 2 3 2 0 0 0 0 0 0 0 3 3 3 1 1 1
1 0 0 0 3 6 3 0 0 0 0 0 0 0 0 9 0 0 1 1
0 0 0 0 2 5 2 0 0 0 0 0 0 0 3 0 0 0 1 1
0 0 0 0 0 0 0 0 0 0 0 0 0 0 1 0 0 8 1 1
1 0 0 0 0 1 1 1 1 1 1 1 1 1 1 1 1 1 1 1
1 0 0 0 1 1 1 1 1 1 1 1 1 1 1 1 1 1 1 1
